2
4
110
23
4594
51
101
549
102
103
104
105
106
103
104
105
106
107
103
104
105
106
107
103
104
105
106
107
104
105
106
107
108
103
104
105
106
107
104
105
106
107
108
104
105
106
107
108
104
105
106
107
108
105
106
107
108
109
104
105
106
107
108
105
106
107
108
109
105
106
107
108
109
105
106
107
108
109
106
107
108
109
110
105
106
107
108
109
106
107
108
109
110
106
107
108
109
110
106
107
108
109
110
107
108
109
110
111
106
10588
6879
2476
2409
4731
9008
7945
11305
5582
9342
1990
2396
7902
4933
6891
4534
3537
10165
10694
2088
3528
4834
46738
729227
5388
3523
1262
5482
2819
5680
8654
6600
4777
1473
8832
9343
14607
1579
7882
5873
4998
6758
6540
6377
9029
3462
10259
2718
2614
3479
3494
1177
164954
10724
1275
6002
8957
8928
9738
4824
4126
5714
7124
7759
2754
3689
3420
2346
5528
416
4957
3988
1991
5916
33045
5561
2444
7760
301
1232
5496
4162
8586
5506
9869
6428
427
1383
592
1097
78131
9285
7784
9229
820
4191
2740
9771
7558
1467
5312
